1   1  11   11111 111      111111 111111 1       111111
1  1   1 1  1     1  11    1    1 1    1 1      1
1 1    1  1 1     1    1   1    1 1    1 1     1
11     1 1  1     1        1    1 1    1 1    1
1 1    11   11111 1        1    1 1    1 1   1  111111
1  1   1    1     1    1   1    1 1    1 1  1   1    1
1   1  1    1     1  11    1    1 1    1 1 1    1    1
1    1 1    11111 111    111    1 111111 11     111111  

1111 1111 - FF
0001 0000 - 10
0010 1000 - 28
0100 0100 - 44
1000 0001 - 81
0000 0000 - 00

1111 1111 - FF
1000 1000 - 88
0101 0000 - 50
0010 0000 - 20
0000 0000 - 00

1111 1111 - FF
1000 1001 - 8B (4X)

FF
81
81
42
42
24
